000000 0001 clone 00000
000001 0001 clone 00001
000002 0001 clone 00002
000003 0001 clone 00003
000004 0001 clone 00004
000005 0001 clone 00005
000006 0001 clone 00006
000007 0001 clone 00007
000008 0001 clone 00008
000009 0001 clone 00009
000010 0001 clone 00010
000011 0001 clone 00011
000012 0001 clone 00012
000013 0001 clone 00013
000014 0001 clone 00014
000015 0001 clone 00015
000016 0001 clone 00016
000017 0001 clone 00017
000018 0001 clone 00018
000019 0001 clone 00019
000020 0001 clone 00020
000021 0001 clone 00021
000022 0001 clone 00022
000023 0001 clone 00023
000024 0001 clone 00024
000025 0001 clone 00025
000026 0001 clone 00026
000027 0001 clone 00027
000028 0001 clone 00028
000029 0001 clone 00029
000030 0001 clone 00030
000031 0001 clone 00031
000032 0001 clone 00032
000033 0001 clone 00033
000034 0001 clone 00034
000035 0001 clone 00035
000036 0001 clone 00036
000037 0001 clone 00037
000038 0001 clone 00038
000039 0001 clone 00039
000040 0001 clone 00040
000041 0001 clone 00041
000042 0001 clone 00042
000043 0001 clone 00043
000044 0001 clone 00044
000045 0001 clone 00045
000046 0001 clone 00046
000047 0001 clone 00047
000048 0001 clone 00048
000049 0001 clone 00049
000050 0001 clone 00050
000051 0001 clone 00051
000052 0001 clone 00052
000053 0001 clone 00053
000054 0001 clone 00054
000055 0001 clone 00055
000056 0001 clone 00056
000057 0001 clone 00057
000058 0001 clone 00058
000059 0001 clone 00059
000060 0001 clone 00060
000061 0001 clone 00061
000062 0001 clone 00062
000063 0001 clone 00063
000064 0001 clone 00064
000065 0001 clone 00065
000066 0001 clone 00066
000067 0001 clone 00067
000068 0001 clone 00068
000069 0001 clone 00069
000070 0001 clone 00070
000071 0001 clone 00071
000072 0001 clone 00072
000073 0001 clone 00073
000074 0001 clone 00074
000075 0001 clone 00075
000076 0001 clone 00076
000077 0001 clone 00077
000078 0001 clone 00078
000079 0001 clone 00079
000080 0001 clone 00080
000081 0001 clone 00081
000082 0001 clone 00082
000083 0001 clone 00083
000084 0001 clone 00084
000085 0001 clone 00085
000086 0001 clone 00086
000087 0001 clone 00087
000088 0001 clone 00088
000089 0001 clone 00089
000090 0001 clone 00090
000091 0001 clone 00091
000092 0001 clone 00092
000093 0001 clone 00093
000094 0001 clone 00094
000095 0001 clone 00095
000096 0001 clone 00096
000097 0001 clone 00097
000098 0001 clone 00098
000099 0001 clone 00099
000100 0001 clone 00100
000101 0001 clone 00101
000102 0001 clone 00102
000103 0001 clone 00103
000104 0001 clone 00104
000105 0001 clone 00105
000106 0001 clone 00106
000107 0001 clone 00107
000108 0001 clone 00108
000109 0001 clone 00109
000110 0001 clone 00110
000111 0001 clone 00111
000112 0001 clone 00112
000113 0001 clone 00113
000114 0001 clone 00114
000115 0001 clone 00115
000116 0001 clone 00116
000117 0001 clone 00117
000118 0001 clone 00118
000119 0001 clone 00119
000120 0001 clone 00120
000121 0001 clone 00121
000122 0001 clone 00122
000123 0001 clone 00123
000124 0001 clone 00124
000125 0001 clone 00125
000126 0001 clone 00126
000127 0001 clone 00127
000128 0001 clone 00128
000129 0001 clone 00129
000130 0001 clone 00130
000131 0001 clone 00131
000132 0001 clone 00132
000133 0001 clone 00133
000134 0001 clone 00134
000135 0001 clone 00135
000136 0001 clone 00136
000137 0001 clone 00137
000138 0001 clone 00138
000139 0001 clone 00139
000140 0001 clone 00140
000141 0001 clone 00141
000142 0001 clone 00142
000143 0001 clone 00143
000144 0001 clone 00144
000145 0001 clone 00145
000146 0001 clone 00146
000147 0001 clone 00147
000148 0001 clone 00148
000149 0001 clone 00149
000150 0001 clone 00150
000151 0001 clone 00151
000152 0001 clone 00152
000153 0001 clone 00153
000154 0001 clone 00154
000155 0001 clone 00155
000156 0001 clone 00156
000157 0001 clone 00157
000158 0001 clone 00158
000159 0001 clone 00159
000160 0001 clone 00160
000161 0001 clone 00161
000162 0001 clone 00162
000163 0001 clone 00163
000164 0001 clone 00164
000165 0001 clone 00165
000166 0001 clone 00166
000167 0001 clone 00167
000168 0001 clone 00168
000169 0001 clone 00169
000170 0001 clone 00170
000171 0001 clone 00171
000172 0001 clone 00172
000173 0001 clone 00173
000174 0001 clone 00174
000175 0001 clone 00175
000176 0001 clone 00176
000177 0001 clone 00177
000178 0001 clone 00178
000179 0001 clone 00179
000180 0001 clone 00180
000181 0001 clone 00181
000182 0001 clone 00182
000183 0001 clone 00183
000184 0001 clone 00184
000185 0001 clone 00185
000186 0001 clone 00186
000187 0001 clone 00187
000188 0001 clone 00188
000189 0001 clone 00189
000190 0001 clone 00190
000191 0001 clone 00191
000192 0001 clone 00192
000193 0001 clone 00193
000194 0001 clone 00194
000195 0001 clone 00195
000196 0001 clone 00196
000197 0001 clone 00197
000198 0001 clone 00198
000199 0001 clone 00199
000200 0001 clone 00200
000201 0001 clone 00201
000202 0001 clone 00202
000203 0001 clone 00203
000204 0001 clone 00204
000205 0001 clone 00205
000206 0001 clone 00206
000207 0001 clone 00207
000208 0001 clone 00208
000209 0001 clone 00209
000210 0001 clone 00210
000211 0001 clone 00211
000212 0001 clone 00212
000213 0001 clone 00213
000214 0001 clone 00214
000215 0001 clone 00215
000216 0001 clone 00216
000217 0001 clone 00217
000218 0001 clone 00218
000219 0001 clone 00219
000220 0001 clone 00220
000221 0001 clone 00221
000222 0001 clone 00222
000223 0001 clone 00223
000224 0001 clone 00224
000225 0001 clone 00225
000226 0001 clone 00226
000227 0001 clone 00227
000228 0001 clone 00228
000229 0001 clone 00229
000230 0001 clone 00230
000231 0001 clone 00231
000232 0001 clone 00232
000233 0001 clone 00233
000234 0001 clone 00234
000235 0001 clone 00235
000236 0001 clone 00236
000237 0001 clone 00237
000238 0001 clone 00238
000239 0001 clone 00239
000240 0001 clone 00240
000241 0001 clone 00241
000242 0001 clone 00242
000243 0001 clone 00243
000244 0001 clone 00244
000245 0001 clone 00245
000246 0001 clone 00246
000247 0001 clone 00247
000248 0001 clone 00248
000249 0001 clone 00249
000250 0001 clone 00250
000251 0001 clone 00251
000252 0001 clone 00252
000253 0001 clone 00253
000254 0001 clone 00254
000255 0001 clone 00255
000256 0001 clone 00256
000257 0001 clone 00257
000258 0001 clone 00258
000259 0001 clone 00259
000260 0001 clone 00260
000261 0001 clone 00261
000262 0001 clone 00262
000263 0001 clone 00263
000264 0001 clone 00264
000265 0001 clone 00265
000266 0001 clone 00266
000267 0001 clone 00267
000268 0001 clone 00268
000269 0001 clone 00269
000270 0001 clone 00270
000271 0001 clone 00271
000272 0001 clone 00272
000273 0001 clone 00273
000274 0001 clone 00274
000275 0001 clone 00275
000276 0001 clone 00276
000277 0001 clone 00277
000278 0001 clone 00278
000279 0001 clone 00279
000280 0001 clone 00280
000281 0001 clone 00281
000282 0001 clone 00282
000283 0001 clone 00283
000284 0001 clone 00284
000285 0001 clone 00285
000286 0001 clone 00286
000287 0001 clone 00287
000288 0001 clone 00288
000289 0001 clone 00289
000290 0001 clone 00290
000291 0001 clone 00291
000292 0001 clone 00292
000293 0001 clone 00293
000294 0001 clone 00294
000295 0001 clone 00295
000296 0001 clone 00296
000297 0001 clone 00297
000298 0001 clone 00298
000299 0001 clone 00299
000300 0001 clone 00300
000301 0001 clone 00301
000302 0001 clone 00302
000303 0001 clone 00303
000304 0001 clone 00304
000305 0001 clone 00305
000306 0001 clone 00306
000307 0001 clone 00307
000308 0001 clone 00308
000309 0001 clone 00309
000310 0001 clone 00310
000311 0001 clone 00311
000312 0001 clone 00312
000313 0001 clone 00313
000314 0001 clone 00314
000315 0001 clone 00315
000316 0001 clone 00316
000317 0001 clone 00317
000318 0001 clone 00318
000319 0001 clone 00319
000320 0001 clone 00320
000321 0001 clone 00321
000322 0001 clone 00322
000323 0001 clone 00323
000324 0001 clone 00324
000325 0001 clone 00325
000326 0001 clone 00326
000327 0001 clone 00327
000328 0001 clone 00328
000329 0001 clone 00329
000330 0001 clone 00330
000331 0001 clone 00331
000332 0001 clone 00332
000333 0001 clone 00333
000334 0001 clone 00334
000335 0001 clone 00335
000336 0001 clone 00336
000337 0001 clone 00337
000338 0001 clone 00338
000339 0001 clone 00339
000340 0001 clone 00340
000341 0001 clone 00341
000342 0001 clone 00342
000343 0001 clone 00343
000344 0001 clone 00344
000345 0001 clone 00345
000346 0001 clone 00346
000347 0001 clone 00347
000348 0001 clone 00348
000349 0001 clone 00349
000350 0001 clone 00350
000351 0001 clone 00351
000352 0001 clone 00352
000353 0001 clone 00353
000354 0001 clone 00354
000355 0001 clone 00355
000356 0001 clone 00356
000357 0001 clone 00357
000358 0001 clone 00358
000359 0001 clone 00359
000360 0001 clone 00360
000361 0001 clone 00361
000362 0001 clone 00362
000363 0001 clone 00363
000364 0001 clone 00364
000365 0001 clone 00365
000366 0001 clone 00366
000367 0001 clone 00367
000368 0001 clone 00368
000369 0001 clone 00369
000370 0001 clone 00370
000371 0001 clone 00371
000372 0001 clone 00372
000373 0001 clone 00373
000374 0001 clone 00374
000375 0001 clone 00375
000376 0001 clone 00376
000377 0001 clone 00377
000378 0001 clone 00378
000379 0001 clone 00379
000380 0001 clone 00380
000381 0001 clone 00381
000382 0001 clone 00382
000383 0001 clone 00383
000384 0001 clone 00384
000385 0001 clone 00385
000386 0001 clone 00386
000387 0001 clone 00387
000388 0001 clone 00388
000389 0001 clone 00389
000390 0001 clone 00390
000391 0001 clone 00391
000392 0001 clone 00392
000393 0001 clone 00393
000394 0001 clone 00394
000395 0001 clone 00395
000396 0001 clone 00396
000397 0001 clone 00397
000398 0001 clone 00398
000399 0001 clone 00399
000400 0001 clone 00400
000401 0001 clone 00401
000402 0001 clone 00402
000403 0001 clone 00403
000404 0001 clone 00404
000405 0001 clone 00405
000406 0001 clone 00406
000407 0001 clone 00407
000408 0001 clone 00408
000409 0001 clone 00409
000410 0001 clone 00410
000411 0001 clone 00411
000412 0001 clone 00412
000413 0001 clone 00413
000414 0001 clone 00414
000415 0001 clone 00415
000416 0001 clone 00416
000417 0001 clone 00417
000418 0001 clone 00418
000419 0001 clone 00419
000420 0001 clone 00420
000421 0001 clone 00421
000422 0001 clone 00422
000423 0001 clone 00423
000424 0001 clone 00424
000425 0001 clone 00425
000426 0001 clone 00426
000427 0001 clone 00427
000428 0001 clone 00428
000429 0001 clone 00429
000430 0001 clone 00430
000431 0001 clone 00431
000432 0001 clone 00432
000433 0001 clone 00433
000434 0001 clone 00434
000435 0001 clone 00435
000436 0001 clone 00436
000437 0001 clone 00437
000438 0001 clone 00438
000439 0001 clone 00439
000440 0001 clone 00440
000441 0001 clone 00441
000442 0001 clone 00442
000443 0001 clone 00443
000444 0001 clone 00444
000445 0001 clone 00445
000446 0001 clone 00446
000447 0002 clone 00000
000448 0002 clone 00001
000449 0002 clone 00002
000450 0002 clone 00003
000451 0002 clone 00004
000452 0002 clone 00005
000453 0002 clone 00006
000454 0002 clone 00007
000455 0002 clone 00008
000456 0002 clone 00009
000457 0002 clone 00010
000458 0002 clone 00011
000459 0002 clone 00012
000460 0002 clone 00013
000461 0002 clone 00014
000462 0002 clone 00015
000463 0002 clone 00016
000464 0002 clone 00017
000465 0002 clone 00018
000466 0002 clone 00019
000467 0002 clone 00020
000468 0002 clone 00021
000469 0002 clone 00022
000470 0002 clone 00023
000471 0002 clone 00024
000472 0002 clone 00025
000473 0002 clone 00026
000474 0002 clone 00027
000475 0002 clone 00028
000476 0002 clone 00029
000477 0002 clone 00030
000478 0002 clone 00031
000479 0002 clone 00032
000480 0002 clone 00033
000481 0002 clone 00034
000482 0002 clone 00035
000483 0002 clone 00036
000484 0002 clone 00037
000485 0002 clone 00038
000486 0002 clone 00039
000487 0002 clone 00040
000488 0002 clone 00041
000489 0002 clone 00042
000490 0002 clone 00043
000491 0002 clone 00044
000492 0002 clone 00045
000493 0002 clone 00046
000494 0002 clone 00047
000495 0002 clone 00048
000496 0002 clone 00049
000497 0002 clone 00050
000498 0002 clone 00051
000499 0002 clone 00052
000500 0002 clone 00053
000501 0002 clone 00054
000502 0002 clone 00055
000503 0002 clone 00056
000504 0002 clone 00057
000505 0002 clone 00058
000506 0002 clone 00059
000507 0002 clone 00060
000508 0002 clone 00061
000509 0002 clone 00062
000510 0002 clone 00063
000511 0002 clone 00064
000512 0002 clone 00065
000513 0002 clone 00066
000514 0002 clone 00067
000515 0002 clone 00068
000516 0002 clone 00069
000517 0002 clone 00070
000518 0002 clone 00071
000519 0002 clone 00072
000520 0002 clone 00073
000521 0002 clone 00074
000522 0002 clone 00075
000523 0002 clone 00076
000524 0002 clone 00077
000525 0002 clone 00078
000526 0002 clone 00079
000527 0002 clone 00080
000528 0002 clone 00081
000529 0002 clone 00082
000530 0002 clone 00083
000531 0002 clone 00084
000532 0002 clone 00085
000533 0002 clone 00086
000534 0002 clone 00087
000535 0002 clone 00088
000536 0002 clone 00089
000537 0002 clone 00090
000538 0002 clone 00091
000539 0002 clone 00092
000540 0002 clone 00093
000541 0002 clone 00094
000542 0002 clone 00095
000543 0002 clone 00096
000544 0002 clone 00097
000545 0002 clone 00098
000546 0002 clone 00099
000547 0002 clone 00100
000548 0002 clone 00101
000549 0002 clone 00102
000550 0002 clone 00103
000551 0002 clone 00104
000552 0002 clone 00105
000553 0002 clone 00106
000554 0002 clone 00107
000555 0002 clone 00108
000556 0002 clone 00109
000557 0002 clone 00110
000558 0002 clone 00111
000559 0002 clone 00112
000560 0002 clone 00113
000561 0002 clone 00114
000562 0002 clone 00115
000563 0002 clone 00116
000564 0002 clone 00117
000565 0002 clone 00118
000566 0002 clone 00119
000567 0002 clone 00120
000568 0002 clone 00121
000569 0002 clone 00122
000570 0002 clone 00123
000571 0002 clone 00124
000572 0002 clone 00125
000573 0002 clone 00126
000574 0002 clone 00127
000575 0002 clone 00128
000576 0002 clone 00129
000577 0002 clone 00130
000578 0002 clone 00131
000579 0002 clone 00132
000580 0002 clone 00133
000581 0002 clone 00134
000582 0002 clone 00135
000583 0002 clone 00136
000584 0002 clone 00137
000585 0002 clone 00138
000586 0002 clone 00139
000587 0002 clone 00140
000588 0002 clone 00141
000589 0002 clone 00142
000590 0002 clone 00143
000591 0002 clone 00144
000592 0002 clone 00145
000593 0002 clone 00146
000594 0002 clone 00147
000595 0002 clone 00148
000596 0002 clone 00149
000597 0002 clone 00150
000598 0002 clone 00151
000599 0002 clone 00152
000600 0002 clone 00153
000601 0002 clone 00154
000602 0002 clone 00155
000603 0002 clone 00156
000604 0002 clone 00157
000605 0002 clone 00158
000606 0002 clone 00159
000607 0002 clone 00160
000608 0002 clone 00161
000609 0002 clone 00162
000610 0002 clone 00163
000611 0002 clone 00164
000612 0002 clone 00165
000613 0002 clone 00166
000614 0002 clone 00167
000615 0002 clone 00168
000616 0002 clone 00169
000617 0002 clone 00170
000618 0002 clone 00171
000619 0002 clone 00172
000620 0002 clone 00173
000621 0002 clone 00174
000622 0002 clone 00175
000623 0002 clone 00176
000624 0002 clone 00177
000625 0002 clone 00178
000626 0002 clone 00179
000627 0002 clone 00180
000628 0002 clone 00181
000629 0002 clone 00182
000630 0002 clone 00183
000631 0002 clone 00184
000632 0002 clone 00185
000633 0002 clone 00186
000634 0002 clone 00187
000635 0002 clone 00188
000636 0002 clone 00189
000637 0002 clone 00190
000638 0002 clone 00191
000639 0002 clone 00192
000640 0002 clone 00193
000641 0002 clone 00194
000642 0002 clone 00195
000643 0002 clone 00196
000644 0002 clone 00197
000645 0002 clone 00198
000646 0002 clone 00199
000647 0002 clone 00200
000648 0002 clone 00201
000649 0002 clone 00202
000650 0002 clone 00203
000651 0002 clone 00204
000652 0002 clone 00205
000653 0002 clone 00206
000654 0002 clone 00207
000655 0002 clone 00208
000656 0002 clone 00209
000657 0002 clone 00210
000658 0002 clone 00211
000659 0002 clone 00212
000660 0002 clone 00213
000661 0002 clone 00214
000662 0002 clone 00215
000663 0002 clone 00216
000664 0002 clone 00217
000665 0002 clone 00218
000666 0002 clone 00219
000667 0002 clone 00220
000668 0002 clone 00221
000669 0002 clone 00222
000670 0002 clone 00223
000671 0002 clone 00224
000672 0002 clone 00225
000673 0002 clone 00226
000674 0002 clone 00227
000675 0002 clone 00228
000676 0002 clone 00229
000677 0002 clone 00230
000678 0002 clone 00231
000679 0002 clone 00232
000680 0006 clone 00000
000681 0006 clone 00001
000682 0006 clone 00002
000683 0006 clone 00003
000684 0006 clone 00004
000685 0006 clone 00005
000686 0006 clone 00006
000687 0006 clone 00007
000688 0006 clone 00008
000689 0006 clone 00009
000690 0006 clone 00010
000691 0006 clone 00011
000692 0006 clone 00012
000693 0006 clone 00013
000694 0006 clone 00014
000695 0006 clone 00015
000696 0006 clone 00016
000697 0006 clone 00017
000698 0006 clone 00018
000699 0006 clone 00019
000700 0006 clone 00020
000701 0006 clone 00021
000702 0006 clone 00022
000703 0006 clone 00023
000704 0006 clone 00024
000705 0006 clone 00025
000706 0006 clone 00026
000707 0006 clone 00027
000708 0006 clone 00028
000709 0006 clone 00029
000710 0006 clone 00030
000711 0006 clone 00031
000712 0006 clone 00032
000713 0006 clone 00033
000714 0006 clone 00034
000715 0006 clone 00035
000716 0006 clone 00036
000717 0006 clone 00037
000718 0006 clone 00038
000719 0006 clone 00039
000720 0006 clone 00040
000721 0006 clone 00041
000722 0006 clone 00042
000723 0006 clone 00043
000724 0006 clone 00044
000725 0006 clone 00045
000726 0006 clone 00046
000727 0006 clone 00047
000728 0006 clone 00048
000729 0006 clone 00049
000730 0006 clone 00050
000731 0006 clone 00051
000732 0006 clone 00052
000733 0006 clone 00053
000734 0006 clone 00054
000735 0006 clone 00055
000736 0006 clone 00056
000737 0006 clone 00057
000738 0006 clone 00058
000739 0006 clone 00059
000740 0006 clone 00060
000741 0006 clone 00061
000742 0006 clone 00062
000743 0006 clone 00063
000744 0006 clone 00064
000745 0006 clone 00065
000746 0006 clone 00066
000747 0006 clone 00067
000748 0006 clone 00068
000749 0006 clone 00069
000750 0006 clone 00070
000751 0006 clone 00071
000752 0006 clone 00072
000753 0006 clone 00073
000754 0006 clone 00074
000755 0006 clone 00075
000756 0006 clone 00076
000757 0006 clone 00077
000758 0006 clone 00078
000759 0006 clone 00079
000760 0006 clone 00080
000761 0006 clone 00081
000762 0006 clone 00082
000763 0006 clone 00083
000764 0006 clone 00084
000765 0006 clone 00085
000766 0006 clone 00086
000767 0006 clone 00087
000768 0006 clone 00088
000769 0006 clone 00089
000770 0006 clone 00090
000771 0006 clone 00091
000772 0006 clone 00092
000773 0006 clone 00093
000774 0006 clone 00094
000775 0006 clone 00095
000776 0006 clone 00096
000777 0006 clone 00097
000778 0006 clone 00098
000779 0006 clone 00099
000780 0006 clone 00100
000781 0006 clone 00101
000782 0006 clone 00102
000783 0006 clone 00103
000784 0006 clone 00104
000785 0006 clone 00105
000786 0006 clone 00106
000787 0006 clone 00107
000788 0006 clone 00108
000789 0006 clone 00109
000790 0006 clone 00110
000791 0006 clone 00111
000792 0006 clone 00112
000793 0006 clone 00113
000794 0006 clone 00114
000795 0006 clone 00115
000796 0006 clone 00116
000797 0006 clone 00117
000798 0006 clone 00118
000799 0006 clone 00119
000800 0006 clone 00120
000801 0006 clone 00121
000802 0006 clone 00122
000803 0006 clone 00123
000804 0006 clone 00124
000805 0006 clone 00125
000806 0006 clone 00126
000807 0006 clone 00127
000808 0006 clone 00128
000809 0006 clone 00129
000810 0006 clone 00130
000811 0006 clone 00131
000812 0006 clone 00132
000813 0006 clone 00133
000814 0006 clone 00134
000815 0006 clone 00135
000816 0006 clone 00136
000817 0006 clone 00137
000818 0006 clone 00138
000819 0006 clone 00139
000820 0006 clone 00140
000821 0006 clone 00141
000822 0006 clone 00142
000823 0006 clone 00143
000824 0006 clone 00144
000825 0006 clone 00145
000826 0006 clone 00146
000827 0006 clone 00147
000828 0006 clone 00148
000829 0006 clone 00149
000830 0006 clone 00150
000831 0006 clone 00151
000832 0006 clone 00152
000833 0006 clone 00153
000834 0006 clone 00154
000835 0006 clone 00155
000836 0006 clone 00156
000837 0006 clone 00157
000838 0006 clone 00158
000839 0006 clone 00159
000840 0006 clone 00160
000841 0006 clone 00161
000842 0006 clone 00162
000843 0006 clone 00163
000844 0006 clone 00164
000845 0006 clone 00165
000846 0006 clone 00166
000847 0006 clone 00167
000848 0006 clone 00168
000849 0006 clone 00169
000850 0006 clone 00170
000851 0006 clone 00171
000852 0006 clone 00172
000853 0006 clone 00173
000854 0006 clone 00174
000855 0006 clone 00175
000856 0006 clone 00176
000857 0006 clone 00177
000858 0006 clone 00178
000859 0006 clone 00179
000860 0006 clone 00180
000861 0006 clone 00181
000862 0006 clone 00182
000863 0006 clone 00183
000864 0006 clone 00184
000865 0006 clone 00185
000866 0006 clone 00186
000867 0006 clone 00187
000868 0006 clone 00188
000869 0006 clone 00189
000870 0006 clone 00190
000871 0006 clone 00191
000872 0006 clone 00192
000873 0006 clone 00193
000874 0006 clone 00194
000875 0006 clone 00195
000876 0006 clone 00196
000877 0006 clone 00197
000878 0006 clone 00198
000879 0006 clone 00199
000880 0006 clone 00200
000881 0006 clone 00201
000882 0006 clone 00202
000883 0006 clone 00203
000884 0006 clone 00204
000885 0006 clone 00205
000886 0006 clone 00206
000887 0006 clone 00207
000888 0006 clone 00208
000889 0006 clone 00209
000890 0006 clone 00210
000891 0006 clone 00211
000892 0006 clone 00212
000893 0006 clone 00213
000894 0006 clone 00214
000895 0006 clone 00215
000896 0006 clone 00216
000897 0006 clone 00217
000898 0006 clone 00218
000899 0006 clone 00219
000900 0006 clone 00220
000901 0006 clone 00221
000902 0006 clone 00222
000903 0006 clone 00223
000904 0006 clone 00224
000905 0006 clone 00225
000906 0006 clone 00226
000907 0006 clone 00227
000908 0006 clone 00228
000909 0006 clone 00229
000910 0006 clone 00230
000911 0006 clone 00231
000912 0006 clone 00232
000913 0006 clone 00233
000914 0006 clone 00234
000915 0006 clone 00235
000916 0006 clone 00236
000917 0006 clone 00237
000918 0006 clone 00238
000919 0006 clone 00239
000920 0006 clone 00240
000921 0006 clone 00241
000922 0006 clone 00242
000923 0006 clone 00243
000924 0006 clone 00244
000925 0006 clone 00245
000926 0006 clone 00246
000927 0006 clone 00247
000928 0006 clone 00248
000929 0006 clone 00249
000930 0006 clone 00250
000931 0006 clone 00251
000932 0006 clone 00252
000933 0006 clone 00253
000934 0006 clone 00254
000935 0006 clone 00255
000936 0006 clone 00256
000937 0006 clone 00257
000938 0006 clone 00258
000939 0006 clone 00259
000940 0006 clone 00260
000941 0006 clone 00261
000942 0006 clone 00262
000943 0006 clone 00263
000944 0006 clone 00264
000945 0006 clone 00265
000946 0006 clone 00266
000947 0006 clone 00267
000948 0006 clone 00268
000949 0006 clone 00269
000950 0018 clone 00000
000951 0018 clone 00001
000952 0018 clone 00002
000953 0018 clone 00003
000954 0018 clone 00004
000955 0018 clone 00005
000956 0018 clone 00006
000957 0018 clone 00007
000958 0018 clone 00008
000959 0018 clone 00009
000960 0018 clone 00010
000961 0018 clone 00011
000962 0018 clone 00012
000963 0018 clone 00013
000964 0018 clone 00014
000965 0018 clone 00015
000966 0018 clone 00016
000967 0018 clone 00017
000968 0018 clone 00018
000969 0018 clone 00019
000970 0018 clone 00020
000971 0018 clone 00021
000972 0018 clone 00022
000973 0018 clone 00023
000974 0018 clone 00024
000975 0018 clone 00025
000976 0018 clone 00026
000977 0018 clone 00027
000978 0018 clone 00028
000979 0018 clone 00029
000980 0018 clone 00030
000981 0018 clone 00031
000982 0018 clone 00032
000983 0018 clone 00033
000984 0018 clone 00034
000985 0018 clone 00035
000986 0018 clone 00036
000987 0018 clone 00037
000988 0018 clone 00038
000989 0018 clone 00039
000990 0018 clone 00040
000991 0018 clone 00041
000992 0018 clone 00042
000993 0018 clone 00043
000994 0018 clone 00044
000995 0018 clone 00045
000996 0018 clone 00046
000997 0018 clone 00047
000998 0018 clone 00048
000999 0018 clone 00049
001000 0018 clone 00050
001001 0018 clone 00051
001002 0018 clone 00052
001003 0018 clone 00053
001004 0018 clone 00054
001005 0018 clone 00055
001006 0018 clone 00056
001007 0018 clone 00057
001008 0018 clone 00058
001009 0018 clone 00059
001010 0018 clone 00060
001011 0018 clone 00061
001012 0018 clone 00062
001013 0018 clone 00063
001014 0018 clone 00064
001015 0018 clone 00065
001016 0018 clone 00066
001017 0018 clone 00067
001018 0018 clone 00068
001019 0018 clone 00069
001020 0018 clone 00070
001021 0018 clone 00071
001022 0018 clone 00072
001023 0018 clone 00073
001024 0018 clone 00074
001025 0018 clone 00075
001026 0018 clone 00076
001027 0018 clone 00077
001028 0018 clone 00078
001029 0018 clone 00079
001030 0018 clone 00080
001031 0018 clone 00081
001032 0018 clone 00082
001033 0018 clone 00083
001034 0018 clone 00084
001035 0018 clone 00085
001036 0018 clone 00086
001037 0018 clone 00087
001038 0018 clone 00088
001039 0018 clone 00089
001040 0018 clone 00090
001041 0018 clone 00091
001042 0018 clone 00092
001043 0018 clone 00093
001044 0018 clone 00094
001045 0018 clone 00095
001046 0018 clone 00096
001047 0018 clone 00097
001048 0018 clone 00098
001049 0018 clone 00099
001050 0018 clone 00100
001051 0018 clone 00101
001052 0018 clone 00102
001053 0018 clone 00103
001054 0018 clone 00104
001055 0018 clone 00105
001056 0018 clone 00106
001057 0018 clone 00107
001058 0018 clone 00108
001059 0018 clone 00109
001060 0018 clone 00110
001061 0018 clone 00111
001062 0018 clone 00112
001063 0018 clone 00113
001064 0018 clone 00114
001065 0018 clone 00115
001066 0018 clone 00116
001067 0018 clone 00117
001068 0018 clone 00118
001069 0018 clone 00119
001070 0018 clone 00120
001071 0018 clone 00121
001072 0018 clone 00122
001073 0018 clone 00123
001074 0018 clone 00124
001075 0018 clone 00125
001076 0018 clone 00126
001077 0018 clone 00127
001078 0018 clone 00128
001079 0018 clone 00129
001080 0018 clone 00130
001081 0018 clone 00131
001082 0018 clone 00132
001083 0018 clone 00133
001084 0018 clone 00134
001085 0018 clone 00135
001086 0018 clone 00136
001087 0018 clone 00137
001088 0018 clone 00138
001089 0018 clone 00139
001090 0018 clone 00140
001091 0018 clone 00141
001092 0018 clone 00142
001093 0018 clone 00143
001094 0018 clone 00144
001095 0018 clone 00145
001096 0018 clone 00146
001097 0018 clone 00147
001098 0018 clone 00148
001099 0018 clone 00149
001100 0018 clone 00150
001101 0018 clone 00151
001102 0018 clone 00152
001103 0018 clone 00153
001104 0018 clone 00154
001105 0018 clone 00155
001106 0018 clone 00156
001107 0018 clone 00157
001108 0018 clone 00158
001109 0018 clone 00159
001110 0018 clone 00160
001111 0018 clone 00161
001112 0018 clone 00162
001113 0018 clone 00163
001114 0018 clone 00164
001115 0018 clone 00165
001116 0018 clone 00166
001117 0018 clone 00167
001118 0018 clone 00168
001119 0018 clone 00169
001120 0018 clone 00170
001121 0018 clone 00171
001122 0018 clone 00172
001123 0018 clone 00173
001124 0018 clone 00174
001125 0018 clone 00175
001126 0018 clone 00176
001127 0018 clone 00177
001128 0018 clone 00178
001129 0018 clone 00179
001130 0018 clone 00180
001131 0018 clone 00181
001132 0018 clone 00182
001133 0018 clone 00183
001134 0018 clone 00184
001135 0018 clone 00185
001136 0018 clone 00186
001137 0018 clone 00187
001138 0018 clone 00188
001139 0018 clone 00189
001140 0018 clone 00190
001141 0018 clone 00191
001142 0018 clone 00192
001143 0018 clone 00193
001144 0018 clone 00194
001145 0018 clone 00195
001146 0018 clone 00196
001147 0018 clone 00197
001148 0018 clone 00198
001149 0018 clone 00199
001150 0018 clone 00200
001151 0018 clone 00201
001152 0018 clone 00202
001153 0018 clone 00203
001154 0018 clone 00204
001155 0018 clone 00205
001156 0018 clone 00206
001157 0018 clone 00207
001158 0018 clone 00208
001159 0018 clone 00209
001160 0018 clone 00210
001161 0018 clone 00211
001162 0018 clone 00212
001163 0018 clone 00213
001164 0018 clone 00214
001165 0018 clone 00215
001166 0018 clone 00216
001167 0018 clone 00217
001168 0018 clone 00218
001169 0018 clone 00219
001170 0018 clone 00220
001171 0018 clone 00221
001172 0018 clone 00222
001173 0018 clone 00223
001174 0018 clone 00224
001175 0018 clone 00225
001176 0018 clone 00226
001177 0018 clone 00227
001178 0018 clone 00228
001179 0018 clone 00229
001180 0018 clone 00230
001181 0018 clone 00231
001182 0018 clone 00232
001183 0018 clone 00233
001184 0018 clone 00234
001185 0018 clone 00235
001186 0018 clone 00236
001187 0018 clone 00237
001188 0018 clone 00238
001189 0018 clone 00239
001190 0018 clone 00240
001191 0018 clone 00241
001192 0018 clone 00242
001193 0018 clone 00243
001194 0018 clone 00244
001195 0018 clone 00245
001196 0018 clone 00246
001197 0018 clone 00247
001198 0018 clone 00248
001199 0018 clone 00249
001200 0018 clone 00250
001201 0018 clone 00251
001202 0018 clone 00252
001203 0018 clone 00253
001204 0018 clone 00254
001205 0018 clone 00255
001206 0018 clone 00256
001207 0018 clone 00257
001208 0018 clone 00258
001209 0018 clone 00259
001210 0018 clone 00260
001211 0018 clone 00261
001212 0018 clone 00262
001213 0018 clone 00263
001214 0018 clone 00264
001215 0018 clone 00265
001216 0018 clone 00266
001217 0018 clone 00267
001218 0018 clone 00268
001219 0018 clone 00269
001220 0018 clone 00270
001221 0018 clone 00271
001222 0018 clone 00272
001223 0018 clone 00273
001224 0018 clone 00274
001225 0018 clone 00275
001226 0018 clone 00276
001227 0018 clone 00277
001228 0018 clone 00278
001229 0018 clone 00279
001230 0018 clone 00280
001231 0018 clone 00281
001232 0018 clone 00282
001233 0018 clone 00283
001234 0018 clone 00284
001235 0018 clone 00285
001236 0018 clone 00286
001237 0018 clone 00287
001238 0018 clone 00288
001239 0018 clone 00289
001240 0018 clone 00290
001241 0018 clone 00291
001242 0018 clone 00292
001243 0018 clone 00293
001244 0018 clone 00294
001245 0018 clone 00295
001246 0018 clone 00296
001247 0018 clone 00297
001248 0018 clone 00298
001249 0018 clone 00299
001250 0018 clone 00300
001251 0018 clone 00301
001252 0018 clone 00302
001253 0018 clone 00303
001254 0018 clone 00304
001255 0018 clone 00305
001256 0018 clone 00306
001257 0018 clone 00307
001258 0018 clone 00308
001259 0018 clone 00309
001260 0018 clone 00310
001261 0018 clone 00311
001262 0018 clone 00312
001263 0018 clone 00313
001264 0018 clone 00314
001265 0018 clone 00315
001266 0018 clone 00316
001267 0018 clone 00317
001268 0018 clone 00318
001269 0018 clone 00319
001270 0018 clone 00320
001271 0018 clone 00321
001272 0018 clone 00322
001273 0018 clone 00323
001274 0018 clone 00324
001275 0018 clone 00325
001276 0018 clone 00326
001277 0018 clone 00327
001278 0018 clone 00328
001279 0018 clone 00329
001280 0018 clone 00330
001281 0018 clone 00331
001282 0018 clone 00332
001283 0018 clone 00333
001284 0018 clone 00334
001285 0018 clone 00335
001286 0018 clone 00336
001287 0018 clone 00337
001288 0018 clone 00338
001289 0020 clone 00000
001290 0020 clone 00001
001291 0020 clone 00002
001292 0020 clone 00003
001293 0020 clone 00004
001294 0020 clone 00005
001295 0020 clone 00006
001296 0020 clone 00007
001297 0020 clone 00008
001298 0020 clone 00009
001299 0020 clone 00010
001300 0020 clone 00011
001301 0020 clone 00012
001302 0020 clone 00013
001303 0020 clone 00014
001304 0020 clone 00015
001305 0020 clone 00016
001306 0020 clone 00017
001307 0020 clone 00018
001308 0020 clone 00019
001309 0020 clone 00020
001310 0020 clone 00021
001311 0020 clone 00022
001312 0020 clone 00023
001313 0020 clone 00024
001314 0020 clone 00025
001315 0020 clone 00026
001316 0020 clone 00027
001317 0020 clone 00028
001318 0020 clone 00029
001319 0020 clone 00030
001320 0020 clone 00031
001321 0020 clone 00032
001322 0020 clone 00033
001323 0020 clone 00034
001324 0020 clone 00035
001325 0020 clone 00036
001326 0020 clone 00037
001327 0020 clone 00038
001328 0020 clone 00039
001329 0020 clone 00040
001330 0020 clone 00041
001331 0020 clone 00042
001332 0020 clone 00043
001333 0020 clone 00044
001334 0020 clone 00045
001335 0020 clone 00046
001336 0020 clone 00047
001337 0020 clone 00048
001338 0020 clone 00049
001339 0020 clone 00050
001340 0020 clone 00051
001341 0020 clone 00052
001342 0020 clone 00053
001343 0020 clone 00054
001344 0020 clone 00055
001345 0020 clone 00056
001346 0020 clone 00057
001347 0020 clone 00058
001348 0020 clone 00059
001349 0020 clone 00060
001350 0020 clone 00061
001351 0020 clone 00062
001352 0020 clone 00063
001353 0020 clone 00064
001354 0020 clone 00065
001355 0020 clone 00066
001356 0020 clone 00067
001357 0020 clone 00068
001358 0020 clone 00069
001359 0020 clone 00070
001360 0020 clone 00071
001361 0020 clone 00072
001362 0020 clone 00073
001363 0020 clone 00074
001364 0020 clone 00075
001365 0020 clone 00076
001366 0020 clone 00077
001367 0020 clone 00078
001368 0020 clone 00079
001369 0020 clone 00080
001370 0020 clone 00081
001371 0020 clone 00082
001372 0020 clone 00083
001373 0020 clone 00084
001374 0020 clone 00085
001375 0020 clone 00086
001376 0020 clone 00087
001377 0020 clone 00088
001378 0020 clone 00089
001379 0020 clone 00090
001380 0020 clone 00091
001381 0020 clone 00092
001382 0020 clone 00093
001383 0020 clone 00094
001384 0020 clone 00095
001385 0020 clone 00096
001386 0020 clone 00097
001387 0020 clone 00098
001388 0020 clone 00099
001389 0020 clone 00100
001390 0020 clone 00101
001391 0020 clone 00102
001392 0020 clone 00103
001393 0020 clone 00104
001394 0020 clone 00105
001395 0020 clone 00106
001396 0020 clone 00107
001397 0020 clone 00108
001398 0020 clone 00109
001399 0020 clone 00110
001400 0020 clone 00111
001401 0020 clone 00112
001402 0020 clone 00113
001403 0020 clone 00114
001404 0020 clone 00115
001405 0020 clone 00116
001406 0020 clone 00117
001407 0020 clone 00118
001408 0020 clone 00119
001409 0020 clone 00120
001410 0020 clone 00121
001411 0020 clone 00122
001412 0020 clone 00123
001413 0020 clone 00124
001414 0020 clone 00125
001415 0020 clone 00126
001416 0020 clone 00127
001417 0020 clone 00128
001418 0020 clone 00129
001419 0020 clone 00130
001420 0020 clone 00131
001421 0020 clone 00132
001422 0020 clone 00133
001423 0020 clone 00134
001424 0020 clone 00135
001425 0020 clone 00136
001426 0020 clone 00137
001427 0020 clone 00138
001428 0020 clone 00139
001429 0020 clone 00140
001430 0020 clone 00141
001431 0020 clone 00142
001432 0020 clone 00143
001433 0020 clone 00144
001434 0020 clone 00145
001435 0020 clone 00146
001436 0020 clone 00147
001437 0020 clone 00148
001438 0020 clone 00149
001439 0020 clone 00150
001440 0020 clone 00151
001441 0020 clone 00152
001442 0020 clone 00153
001443 0020 clone 00154
001444 0020 clone 00155
001445 0020 clone 00156
001446 0020 clone 00157
001447 0020 clone 00158
001448 0020 clone 00159
001449 0020 clone 00160
001450 0020 clone 00161
001451 0020 clone 00162
001452 0020 clone 00163
001453 0020 clone 00164
001454 0020 clone 00165
001455 0020 clone 00166
001456 0020 clone 00167
001457 0020 clone 00168
001458 0020 clone 00169
001459 0020 clone 00170
001460 0020 clone 00171
001461 0020 clone 00172
001462 0020 clone 00173
001463 0020 clone 00174
001464 0020 clone 00175
001465 0020 clone 00176
001466 0020 clone 00177
001467 0020 clone 00178
001468 0020 clone 00179
001469 0020 clone 00180
001470 0020 clone 00181
001471 0020 clone 00182
001472 0020 clone 00183
001473 0020 clone 00184
001474 0020 clone 00185
001475 0020 clone 00186
001476 0020 clone 00187
001477 0020 clone 00188
001478 0020 clone 00189
001479 0020 clone 00190
001480 0020 clone 00191
001481 0020 clone 00192
001482 0020 clone 00193
001483 0020 clone 00194
001484 0020 clone 00195
001485 0020 clone 00196
001486 0020 clone 00197
001487 0020 clone 00198
001488 0020 clone 00199
001489 0020 clone 00200
001490 0020 clone 00201
001491 0020 clone 00202
001492 0020 clone 00203
001493 0020 clone 00204
001494 0020 clone 00205
001495 0020 clone 00206
001496 0020 clone 00207
001497 0020 clone 00208
001498 0020 clone 00209
001499 0020 clone 00210
001500 0020 clone 00211
001501 0020 clone 00212
001502 0020 clone 00213
001503 0020 clone 00214
001504 0020 clone 00215
001505 0020 clone 00216
001506 0020 clone 00217
001507 0020 clone 00218
001508 0020 clone 00219
001509 0020 clone 00220
001510 0020 clone 00221
001511 0020 clone 00222
001512 0020 clone 00223
001513 0020 clone 00224
001514 0020 clone 00225
001515 0020 clone 00226
001516 0020 clone 00227
001517 0020 clone 00228
001518 0020 clone 00229
001519 0020 clone 00230
001520 0020 clone 00231
001521 0020 clone 00232
001522 0020 clone 00233
001523 0020 clone 00234
001524 0020 clone 00235
001525 0020 clone 00236
001526 0020 clone 00237
001527 0020 clone 00238
001528 0020 clone 00239
001529 0020 clone 00240
001530 0020 clone 00241
001531 0020 clone 00242
001532 0020 clone 00243
001533 0020 clone 00244
001534 0020 clone 00245
001535 0020 clone 00246
001536 0020 clone 00247
001537 0020 clone 00248
001538 0020 clone 00249
001539 0020 clone 00250
001540 0020 clone 00251
001541 0020 clone 00252
001542 0020 clone 00253
001543 0020 clone 00254
001544 0020 clone 00255
001545 0020 clone 00256
001546 0020 clone 00257
001547 0020 clone 00258
001548 0020 clone 00259
001549 0020 clone 00260
001550 0020 clone 00261
001551 0020 clone 00262
001552 0020 clone 00263
001553 0020 clone 00264
001554 0020 clone 00265
001555 0020 clone 00266
001556 0020 clone 00267
001557 0020 clone 00268
001558 0020 clone 00269
001559 0020 clone 00270
001560 0020 clone 00271
001561 0020 clone 00272
001562 0020 clone 00273
001563 0020 clone 00274
001564 0020 clone 00275
001565 0020 clone 00276
001566 0020 clone 00277
001567 0020 clone 00278
001568 0020 clone 00279
001569 0020 clone 00280
001570 0020 clone 00281
001571 0020 clone 00282
001572 0020 clone 00283
001573 0020 clone 00284
001574 0020 clone 00285
001575 0020 clone 00286
001576 0020 clone 00287
001577 0020 clone 00288
001578 0020 clone 00289
001579 0020 clone 00290
001580 0020 clone 00291
001581 0020 clone 00292
001582 0020 clone 00293
001583 0020 clone 00294
001584 0020 clone 00295
001585 0020 clone 00296
001586 0020 clone 00297
001587 0020 clone 00298
001588 0020 clone 00299
001589 0020 clone 00300
001590 0020 clone 00301
001591 0020 clone 00302
001592 0020 clone 00303
001593 0020 clone 00304
001594 0020 clone 00305
001595 0020 clone 00306
001596 0020 clone 00307
001597 0020 clone 00308
001598 0020 clone 00309
001599 0020 clone 00310
001600 0020 clone 00311
001601 0020 clone 00312
001602 0020 clone 00313
001603 0020 clone 00314
001604 0020 clone 00315
001605 0020 clone 00316
001606 0020 clone 00317
001607 0020 clone 00318
001608 0020 clone 00319
001609 0020 clone 00320
001610 0020 clone 00321
001611 0020 clone 00322
001612 0020 clone 00323
001613 0020 clone 00324
001614 0020 clone 00325
001615 0020 clone 00326
001616 0020 clone 00327
001617 0020 clone 00328
001618 0020 clone 00329
001619 0020 clone 00330
001620 0020 clone 00331
001621 0020 clone 00332
001622 0020 clone 00333
001623 0020 clone 00334
001624 0020 clone 00335
001625 0020 clone 00336
001626 0020 clone 00337
001627 0020 clone 00338
001628 0020 clone 00339
001629 0020 clone 00340
001630 0020 clone 00341
001631 0020 clone 00342
001632 0020 clone 00343
001633 0020 clone 00344
001634 0020 clone 00345
001635 0020 clone 00346
001636 0020 clone 00347
001637 0020 clone 00348
001638 0020 clone 00349
001639 0020 clone 00350
001640 0020 clone 00351
001641 0020 clone 00352
001642 0020 clone 00353
001643 0020 clone 00354
001644 0020 clone 00355
001645 0020 clone 00356
001646 0020 clone 00357
001647 0020 clone 00358
001648 0020 clone 00359
001649 0020 clone 00360
001650 0020 clone 00361
001651 0020 clone 00362
001652 0020 clone 00363
001653 0020 clone 00364
001654 0020 clone 00365
001655 0020 clone 00366
001656 0020 clone 00367
001657 0020 clone 00368
001658 0020 clone 00369
001659 0020 clone 00370
001660 0020 clone 00371
001661 0020 clone 00372
001662 0020 clone 00373
001663 0020 clone 00374
001664 0020 clone 00375
001665 0020 clone 00376
001666 0020 clone 00377
001667 0020 clone 00378
001668 0020 clone 00379
001669 0020 clone 00380
001670 0020 clone 00381
001671 0020 clone 00382
001672 0020 clone 00383
001673 0020 clone 00384
001674 0020 clone 00385
001675 0020 clone 00386
001676 0020 clone 00387
001677 0020 clone 00388
001678 0020 clone 00389
001679 0020 clone 00390
001680 0020 clone 00391
001681 0020 clone 00392
001682 0020 clone 00393
001683 0020 clone 00394
001684 0020 clone 00395
001685 0020 clone 00396
001686 0020 clone 00397
001687 0020 clone 00398
001688 0020 clone 00399
001689 0020 clone 00400
001690 0020 clone 00401
001691 0020 clone 00402
001692 0020 clone 00403
001693 0020 clone 00404
001694 0020 clone 00405
001695 0020 clone 00406
001696 0020 clone 00407
001697 0020 clone 00408
001698 0020 clone 00409
001699 0020 clone 00410
001700 0020 clone 00411
001701 0020 clone 00412
001702 0020 clone 00413
001703 0020 clone 00414
001704 0020 clone 00415
001705 0020 clone 00416
001706 0020 clone 00417
001707 0020 clone 00418
001708 0020 clone 00419
001709 0020 clone 00420
001710 0020 clone 00421
001711 0020 clone 00422
001712 0020 clone 00423
001713 0020 clone 00424
001714 0020 clone 00425
001715 0020 clone 00426
001716 0020 clone 00427
001717 0020 clone 00428
001718 0020 clone 00429
001719 0020 clone 00430
001720 0020 clone 00431
001721 0020 clone 00432
001722 0020 clone 00433
001723 0020 clone 00434
001724 0020 clone 00435
001725 0020 clone 00436
001726 0020 clone 00437
001727 0020 clone 00438
001728 0020 clone 00439
001729 0020 clone 00440
001730 0020 clone 00441
001731 0020 clone 00442
001732 0020 clone 00443
001733 0020 clone 00444
001734 0020 clone 00445
001735 0020 clone 00446
001736 0020 clone 00447
001737 0020 clone 00448
001738 0020 clone 00449
001739 0020 clone 00450
001740 0020 clone 00451
001741 0020 clone 00452
001742 0020 clone 00453
001743 0020 clone 00454
001744 0020 clone 00455
001745 0020 clone 00456
001746 0020 clone 00457
001747 0020 clone 00458
001748 0020 clone 00459
001749 0020 clone 00460
001750 0020 clone 00461
001751 0020 clone 00462
001752 0020 clone 00463
001753 0020 clone 00464
001754 0020 clone 00465
001755 0020 clone 00466
001756 0020 clone 00467
001757 0020 clone 00468
001758 0020 clone 00469
001759 0020 clone 00470
001760 0020 clone 00471
001761 0020 clone 00472
001762 0020 clone 00473
001763 0020 clone 00474
001764 0020 clone 00475
001765 0020 clone 00476
001766 0020 clone 00477
001767 0020 clone 00478
001768 0020 clone 00479
001769 0020 clone 00480
001770 0020 clone 00481
001771 0020 clone 00482
001772 0020 clone 00483
001773 0020 clone 00484
001774 0020 clone 00485
001775 0020 clone 00486
001776 0020 clone 00487
001777 0020 clone 00488
001778 0020 clone 00489
001779 0020 clone 00490
001780 0020 clone 00491
001781 0020 clone 00492
001782 0020 clone 00493
001783 0020 clone 00494
001784 0020 clone 00495
001785 0020 clone 00496
001786 0020 clone 00497
001787 0020 clone 00498
001788 0020 clone 00499
001789 0020 clone 00500
001790 0020 clone 00501
001791 0020 clone 00502
001792 0020 clone 00503
001793 0020 clone 00504
001794 0020 clone 00505
001795 0020 clone 00506
001796 0020 clone 00507
001797 0020 clone 00508
001798 0020 clone 00509
001799 0020 clone 00510
001800 0020 clone 00511
001801 0020 clone 00512
001802 0020 clone 00513
001803 0020 clone 00514
001804 0020 clone 00515
001805 0020 clone 00516
001806 0020 clone 00517
001807 0020 clone 00518
001808 0020 clone 00519
001809 0020 clone 00520
001810 0020 clone 00521
001811 0020 clone 00522
001812 0020 clone 00523
001813 0020 clone 00524
001814 0020 clone 00525
001815 0020 clone 00526
001816 0020 clone 00527
001817 0020 clone 00528
001818 0020 clone 00529
001819 0020 clone 00530
001820 0020 clone 00531
001821 0020 clone 00532
001822 0020 clone 00533
001823 0020 clone 00534
001824 0020 clone 00535
001825 0020 clone 00536
001826 0020 clone 00537
001827 0020 clone 00538
001828 0020 clone 00539
001829 0020 clone 00540
001830 0020 clone 00541
001831 0020 clone 00542
001832 0020 clone 00543
001833 0020 clone 00544
001834 0020 clone 00545
001835 0020 clone 00546
001836 0020 clone 00547
001837 0020 clone 00548
001838 0020 clone 00549
001839 0020 clone 00550
001840 0020 clone 00551
001841 0020 clone 00552
001842 0020 clone 00553
001843 0020 clone 00554
001844 0020 clone 00555
001845 0020 clone 00556
001846 0020 clone 00557
001847 0020 clone 00558
001848 0020 clone 00559
001849 0020 clone 00560
001850 0020 clone 00561
001851 0020 clone 00562
001852 0020 clone 00563
001853 0020 clone 00564
001854 0020 clone 00565
001855 0020 clone 00566
001856 0020 clone 00567
001857 0020 clone 00568
001858 0020 clone 00569
001859 0020 clone 00570
001860 0020 clone 00571
001861 0020 clone 00572
001862 0020 clone 00573
001863 0020 clone 00574
001864 0020 clone 00575
001865 0020 clone 00576
001866 0020 clone 00577
001867 0020 clone 00578
001868 0020 clone 00579
001869 0020 clone 00580
001870 0020 clone 00581
001871 0020 clone 00582
001872 0020 clone 00583
001873 0020 clone 00584
001874 0020 clone 00585
001875 0020 clone 00586
001876 0020 clone 00587
001877 0020 clone 00588
001878 0020 clone 00589
001879 0020 clone 00590
001880 0020 clone 00591
001881 0020 clone 00592
001882 0020 clone 00593
001883 0020 clone 00594
001884 0020 clone 00595
001885 0020 clone 00596
001886 0020 clone 00597
001887 0020 clone 00598
001888 0020 clone 00599
001889 0020 clone 00600
001890 0020 clone 00601
001891 0020 clone 00602
001892 0020 clone 00603
001893 0020 clone 00604
001894 0020 clone 00605
001895 0020 clone 00606
001896 0020 clone 00607
001897 0020 clone 00608
001898 0020 clone 00609
001899 0020 clone 00610
001900 0020 clone 00611
001901 0020 clone 00612
001902 0020 clone 00613
001903 0020 clone 00614
001904 0020 clone 00615
001905 0020 clone 00616
001906 0020 clone 00617
001907 0020 clone 00618
001908 0020 clone 00619
001909 0020 clone 00620
001910 0020 clone 00621
001911 0020 clone 00622
001912 0020 clone 00623
001913 0020 clone 00624
001914 0020 clone 00625
001915 0020 clone 00626
001916 0020 clone 00627
001917 0020 clone 00628
001918 0020 clone 00629
001919 0020 clone 00630
001920 0020 clone 00631
001921 0020 clone 00632
001922 0020 clone 00633
001923 0020 clone 00634
001924 0020 clone 00635
001925 0020 clone 00636
001926 0020 clone 00637
001927 0020 clone 00638
001928 0020 clone 00639
001929 0020 clone 00640
001930 0020 clone 00641
001931 0020 clone 00642
001932 0020 clone 00643
001933 0020 clone 00644
001934 0020 clone 00645
001935 0020 clone 00646
001936 0020 clone 00647
001937 0020 clone 00648
001938 0020 clone 00649
001939 0020 clone 00650
001940 0020 clone 00651
001941 0020 clone 00652
001942 0020 clone 00653
001943 0020 clone 00654
001944 0020 clone 00655
001945 0020 clone 00656
001946 0020 clone 00657
001947 0020 clone 00658
001948 0020 clone 00659
001949 0020 clone 00660
001950 0020 clone 00661
001951 0020 clone 00662
001952 0020 clone 00663
001953 0020 clone 00664
001954 0020 clone 00665
001955 0020 clone 00666
001956 0020 clone 00667
001957 0020 clone 00668
001958 0020 clone 00669
001959 0020 clone 00670
001960 0020 clone 00671
001961 0020 clone 00672
001962 0020 clone 00673
001963 0020 clone 00674
001964 0020 clone 00675
001965 0020 clone 00676
001966 0020 clone 00677
001967 0020 clone 00678
001968 0020 clone 00679
001969 0020 clone 00680
001970 0020 clone 00681
001971 0020 clone 00682
001972 0020 clone 00683
001973 0020 clone 00684
001974 0020 clone 00685
001975 0020 clone 00686
001976 0020 clone 00687
001977 0020 clone 00688
001978 0020 clone 00689
001979 0020 clone 00690
001980 0020 clone 00691
001981 0020 clone 00692
001982 0020 clone 00693
001983 0020 clone 00694
001984 0020 clone 00695
001985 0020 clone 00696
001986 0020 clone 00697
001987 0020 clone 00698
001988 0020 clone 00699
001989 0020 clone 00700
001990 0020 clone 00701
001991 0020 clone 00702
001992 0020 clone 00703
001993 0020 clone 00704
001994 0020 clone 00705
001995 0020 clone 00706
001996 0020 clone 00707
001997 0020 clone 00708
001998 0020 clone 00709
001999 0020 clone 00710
002000 0020 clone 00711
002001 0020 clone 00712
002002 0020 clone 00713
002003 0020 clone 00714
002004 0020 clone 00715
002005 0020 clone 00716
002006 0020 clone 00717
002007 0020 clone 00718
002008 0020 clone 00719
002009 0020 clone 00720
002010 0020 clone 00721
002011 0020 clone 00722
002012 0020 clone 00723
002013 0020 clone 00724
002014 0020 clone 00725
002015 0020 clone 00726
002016 0020 clone 00727
002017 0020 clone 00728
002018 0020 clone 00729
002019 0020 clone 00730
002020 0020 clone 00731
002021 0020 clone 00732
002022 0020 clone 00733
002023 0020 clone 00734
002024 0020 clone 00735
002025 0020 clone 00736
002026 0020 clone 00737
002027 0020 clone 00738
002028 0020 clone 00739
002029 0020 clone 00740
002030 0020 clone 00741
002031 0020 clone 00742
002032 0020 clone 00743
002033 0020 clone 00744
002034 0020 clone 00745
002035 0020 clone 00746
002036 0020 clone 00747
002037 0020 clone 00748
002038 0020 clone 00749
002039 0020 clone 00750
002040 0020 clone 00751
002041 0020 clone 00752
002042 0020 clone 00753
002043 0020 clone 00754
002044 0020 clone 00755
002045 0020 clone 00756
002046 0020 clone 00757
002047 0020 clone 00758
002048 0020 clone 00759
002049 0020 clone 00760
002050 0020 clone 00761
002051 0020 clone 00762
002052 0020 clone 00763
002053 0020 clone 00764
002054 0020 clone 00765
002055 0020 clone 00766
002056 0020 clone 00767
002057 0020 clone 00768
002058 0020 clone 00769
002059 0020 clone 00770
002060 0020 clone 00771
002061 0020 clone 00772
002062 0020 clone 00773
002063 0020 clone 00774
002064 0020 clone 00775
002065 0020 clone 00776
002066 0020 clone 00777
002067 0020 clone 00778
002068 0020 clone 00779
002069 0020 clone 00780
002070 0020 clone 00781
002071 0020 clone 00782
002072 0020 clone 00783
002073 0020 clone 00784
002074 0020 clone 00785
002075 0020 clone 00786
002076 0020 clone 00787
002077 0020 clone 00788
002078 0020 clone 00789
002079 0020 clone 00790
002080 0020 clone 00791
002081 0020 clone 00792
002082 0020 clone 00793
002083 0020 clone 00794
002084 0020 clone 00795
002085 0020 clone 00796
002086 0020 clone 00797
002087 0020 clone 00798
002088 0020 clone 00799
002089 0020 clone 00800
002090 0020 clone 00801
002091 0020 clone 00802
002092 0020 clone 00803
002093 0020 clone 00804
002094 0020 clone 00805
002095 0020 clone 00806
002096 0020 clone 00807
002097 0020 clone 00808
002098 0020 clone 00809
002099 0020 clone 00810
002100 0020 clone 00811
002101 0020 clone 00812
002102 0020 clone 00813
002103 0020 clone 00814
002104 0020 clone 00815
002105 0020 clone 00816
002106 0020 clone 00817
002107 0020 clone 00818
002108 0020 clone 00819
002109 0020 clone 00820
002110 0020 clone 00821
002111 0020 clone 00822
002112 0020 clone 00823
002113 0020 clone 00824
002114 0020 clone 00825
002115 0020 clone 00826
002116 0020 clone 00827
002117 0020 clone 00828
002118 0020 clone 00829
002119 0020 clone 00830
002120 0020 clone 00831
002121 0020 clone 00832
002122 0020 clone 00833
002123 0020 clone 00834
002124 0020 clone 00835
002125 0020 clone 00836
002126 0001 15-deg-left 00000
002127 0001 15-deg-left 00001
002128 0001 15-deg-left 00002
002129 0001 15-deg-left 00003
002130 0001 15-deg-left 00004
002131 0001 15-deg-left 00005
002132 0001 15-deg-left 00006
002133 0001 15-deg-left 00007
002134 0001 15-deg-left 00008
002135 0001 15-deg-left 00009
002136 0001 15-deg-left 00010
002137 0001 15-deg-left 00011
002138 0001 15-deg-left 00012
002139 0001 15-deg-left 00013
002140 0001 15-deg-left 00014
002141 0001 15-deg-left 00015
002142 0001 15-deg-left 00016
002143 0001 15-deg-left 00017
002144 0001 15-deg-left 00018
002145 0001 15-deg-left 00019
002146 0001 15-deg-left 00020
002147 0001 15-deg-left 00021
002148 0001 15-deg-left 00022
002149 0001 15-deg-left 00023
002150 0001 15-deg-left 00024
002151 0001 15-deg-left 00025
002152 0001 15-deg-left 00026
002153 0001 15-deg-left 00027
002154 0001 15-deg-left 00028
002155 0001 15-deg-left 00029
002156 0001 15-deg-left 00030
002157 0001 15-deg-left 00031
002158 0001 15-deg-left 00032
002159 0001 15-deg-left 00033
002160 0001 15-deg-left 00034
002161 0001 15-deg-left 00035
002162 0001 15-deg-left 00036
002163 0001 15-deg-left 00037
002164 0001 15-deg-left 00038
002165 0001 15-deg-left 00039
002166 0001 15-deg-left 00040
002167 0001 15-deg-left 00041
002168 0001 15-deg-left 00042
002169 0001 15-deg-left 00043
002170 0001 15-deg-left 00044
002171 0001 15-deg-left 00045
002172 0001 15-deg-left 00046
002173 0001 15-deg-left 00047
002174 0001 15-deg-left 00048
002175 0001 15-deg-left 00049
002176 0001 15-deg-left 00050
002177 0001 15-deg-left 00051
002178 0001 15-deg-left 00052
002179 0001 15-deg-left 00053
002180 0001 15-deg-left 00054
002181 0001 15-deg-left 00055
002182 0001 15-deg-left 00056
002183 0001 15-deg-left 00057
002184 0001 15-deg-left 00058
002185 0001 15-deg-left 00059
002186 0001 15-deg-left 00060
002187 0001 15-deg-left 00061
002188 0001 15-deg-left 00062
002189 0001 15-deg-left 00063
002190 0001 15-deg-left 00064
002191 0001 15-deg-left 00065
002192 0001 15-deg-left 00066
002193 0001 15-deg-left 00067
002194 0001 15-deg-left 00068
002195 0001 15-deg-left 00069
002196 0001 15-deg-left 00070
002197 0001 15-deg-left 00071
002198 0001 15-deg-left 00072
002199 0001 15-deg-left 00073
002200 0001 15-deg-left 00074
002201 0001 15-deg-left 00075
002202 0001 15-deg-left 00076
002203 0001 15-deg-left 00077
002204 0001 15-deg-left 00078
002205 0001 15-deg-left 00079
002206 0001 15-deg-left 00080
002207 0001 15-deg-left 00081
002208 0001 15-deg-left 00082
002209 0001 15-deg-left 00083
002210 0001 15-deg-left 00084
002211 0001 15-deg-left 00085
002212 0001 15-deg-left 00086
002213 0001 15-deg-left 00087
002214 0001 15-deg-left 00088
002215 0001 15-deg-left 00089
002216 0001 15-deg-left 00090
002217 0001 15-deg-left 00091
002218 0001 15-deg-left 00092
002219 0001 15-deg-left 00093
002220 0001 15-deg-left 00094
002221 0001 15-deg-left 00095
002222 0001 15-deg-left 00096
002223 0001 15-deg-left 00097
002224 0001 15-deg-left 00098
002225 0001 15-deg-left 00099
002226 0001 15-deg-left 00100
002227 0001 15-deg-left 00101
002228 0001 15-deg-left 00102
002229 0001 15-deg-left 00103
002230 0001 15-deg-left 00104
002231 0001 15-deg-left 00105
002232 0001 15-deg-left 00106
002233 0001 15-deg-left 00107
002234 0001 15-deg-left 00108
002235 0001 15-deg-left 00109
002236 0001 15-deg-left 00110
002237 0001 15-deg-left 00111
002238 0001 15-deg-left 00112
002239 0001 15-deg-left 00113
002240 0001 15-deg-left 00114
002241 0001 15-deg-left 00115
002242 0001 15-deg-left 00116
002243 0001 15-deg-left 00117
002244 0001 15-deg-left 00118
002245 0001 15-deg-left 00119
002246 0001 15-deg-left 00120
002247 0001 15-deg-left 00121
002248 0001 15-deg-left 00122
002249 0001 15-deg-left 00123
002250 0001 15-deg-left 00124
002251 0001 15-deg-left 00125
002252 0001 15-deg-left 00126
002253 0001 15-deg-left 00127
002254 0001 15-deg-left 00128
002255 0001 15-deg-left 00129
002256 0001 15-deg-left 00130
002257 0001 15-deg-left 00131
002258 0001 15-deg-left 00132
002259 0001 15-deg-left 00133
002260 0001 15-deg-left 00134
002261 0001 15-deg-left 00135
002262 0001 15-deg-left 00136
002263 0001 15-deg-left 00137
002264 0001 15-deg-left 00138
002265 0001 15-deg-left 00139
002266 0001 15-deg-left 00140
002267 0001 15-deg-left 00141
002268 0001 15-deg-left 00142
002269 0001 15-deg-left 00143
002270 0001 15-deg-left 00144
002271 0001 15-deg-left 00145
002272 0001 15-deg-left 00146
002273 0001 15-deg-left 00147
002274 0001 15-deg-left 00148
002275 0001 15-deg-left 00149
002276 0001 15-deg-left 00150
002277 0001 15-deg-left 00151
002278 0001 15-deg-left 00152
002279 0001 15-deg-left 00153
002280 0001 15-deg-left 00154
002281 0001 15-deg-left 00155
002282 0001 15-deg-left 00156
002283 0001 15-deg-left 00157
002284 0001 15-deg-left 00158
002285 0001 15-deg-left 00159
002286 0001 15-deg-left 00160
002287 0001 15-deg-left 00161
002288 0001 15-deg-left 00162
002289 0001 15-deg-left 00163
002290 0001 15-deg-left 00164
002291 0001 15-deg-left 00165
002292 0001 15-deg-left 00166
002293 0001 15-deg-left 00167
002294 0001 15-deg-left 00168
002295 0001 15-deg-left 00169
002296 0001 15-deg-left 00170
002297 0001 15-deg-left 00171
002298 0001 15-deg-left 00172
002299 0001 15-deg-left 00173
002300 0001 15-deg-left 00174
002301 0001 15-deg-left 00175
002302 0001 15-deg-left 00176
002303 0001 15-deg-left 00177
002304 0001 15-deg-left 00178
002305 0001 15-deg-left 00179
002306 0001 15-deg-left 00180
002307 0001 15-deg-left 00181
002308 0001 15-deg-left 00182
002309 0001 15-deg-left 00183
002310 0001 15-deg-left 00184
002311 0001 15-deg-left 00185
002312 0001 15-deg-left 00186
002313 0001 15-deg-left 00187
002314 0001 15-deg-left 00188
002315 0001 15-deg-left 00189
002316 0001 15-deg-left 00190
002317 0001 15-deg-left 00191
002318 0001 15-deg-left 00192
002319 0001 15-deg-left 00193
002320 0001 15-deg-left 00194
002321 0001 15-deg-left 00195
002322 0001 15-deg-left 00196
002323 0001 15-deg-left 00197
002324 0001 15-deg-left 00198
002325 0001 15-deg-left 00199
002326 0001 15-deg-left 00200
002327 0001 15-deg-left 00201
002328 0001 15-deg-left 00202
002329 0001 15-deg-left 00203
002330 0001 15-deg-left 00204
002331 0001 15-deg-left 00205
002332 0001 15-deg-left 00206
002333 0001 15-deg-left 00207
002334 0001 15-deg-left 00208
002335 0001 15-deg-left 00209
002336 0001 15-deg-left 00210
002337 0001 15-deg-left 00211
002338 0001 15-deg-left 00212
002339 0001 15-deg-left 00213
002340 0001 15-deg-left 00214
002341 0001 15-deg-left 00215
002342 0001 15-deg-left 00216
002343 0001 15-deg-left 00217
002344 0001 15-deg-left 00218
002345 0001 15-deg-left 00219
002346 0001 15-deg-left 00220
002347 0001 15-deg-left 00221
002348 0001 15-deg-left 00222
002349 0001 15-deg-left 00223
002350 0001 15-deg-left 00224
002351 0001 15-deg-left 00225
002352 0001 15-deg-left 00226
002353 0001 15-deg-left 00227
002354 0001 15-deg-left 00228
002355 0001 15-deg-left 00229
002356 0001 15-deg-left 00230
002357 0001 15-deg-left 00231
002358 0001 15-deg-left 00232
002359 0001 15-deg-left 00233
002360 0001 15-deg-left 00234
002361 0001 15-deg-left 00235
002362 0001 15-deg-left 00236
002363 0001 15-deg-left 00237
002364 0001 15-deg-left 00238
002365 0001 15-deg-left 00239
002366 0001 15-deg-left 00240
002367 0001 15-deg-left 00241
002368 0001 15-deg-left 00242
002369 0001 15-deg-left 00243
002370 0001 15-deg-left 00244
002371 0001 15-deg-left 00245
002372 0001 15-deg-left 00246
002373 0001 15-deg-left 00247
002374 0001 15-deg-left 00248
002375 0001 15-deg-left 00249
002376 0001 15-deg-left 00250
002377 0001 15-deg-left 00251
002378 0001 15-deg-left 00252
002379 0001 15-deg-left 00253
002380 0001 15-deg-left 00254
002381 0001 15-deg-left 00255
002382 0001 15-deg-left 00256
002383 0001 15-deg-left 00257
002384 0001 15-deg-left 00258
002385 0001 15-deg-left 00259
002386 0001 15-deg-left 00260
002387 0001 15-deg-left 00261
002388 0001 15-deg-left 00262
002389 0001 15-deg-left 00263
002390 0001 15-deg-left 00264
002391 0001 15-deg-left 00265
002392 0001 15-deg-left 00266
002393 0001 15-deg-left 00267
002394 0001 15-deg-left 00268
002395 0001 15-deg-left 00269
002396 0001 15-deg-left 00270
002397 0001 15-deg-left 00271
002398 0001 15-deg-left 00272
002399 0001 15-deg-left 00273
002400 0001 15-deg-left 00274
002401 0001 15-deg-left 00275
002402 0001 15-deg-left 00276
002403 0001 15-deg-left 00277
002404 0001 15-deg-left 00278
002405 0001 15-deg-left 00279
002406 0001 15-deg-left 00280
002407 0001 15-deg-left 00281
002408 0001 15-deg-left 00282
002409 0001 15-deg-left 00283
002410 0001 15-deg-left 00284
002411 0001 15-deg-left 00285
002412 0001 15-deg-left 00286
002413 0001 15-deg-left 00287
002414 0001 15-deg-left 00288
002415 0001 15-deg-left 00289
002416 0001 15-deg-left 00290
002417 0001 15-deg-left 00291
002418 0001 15-deg-left 00292
002419 0001 15-deg-left 00293
002420 0001 15-deg-left 00294
002421 0001 15-deg-left 00295
002422 0001 15-deg-left 00296
002423 0001 15-deg-left 00297
002424 0001 15-deg-left 00298
002425 0001 15-deg-left 00299
002426 0001 15-deg-left 00300
002427 0001 15-deg-left 00301
002428 0001 15-deg-left 00302
002429 0001 15-deg-left 00303
002430 0001 15-deg-left 00304
002431 0001 15-deg-left 00305
002432 0001 15-deg-left 00306
002433 0001 15-deg-left 00307
002434 0001 15-deg-left 00308
002435 0001 15-deg-left 00309
002436 0001 15-deg-left 00310
002437 0001 15-deg-left 00311
002438 0001 15-deg-left 00312
002439 0001 15-deg-left 00313
002440 0001 15-deg-left 00314
002441 0001 15-deg-left 00315
002442 0001 15-deg-left 00316
002443 0001 15-deg-left 00317
002444 0001 15-deg-left 00318
002445 0001 15-deg-left 00319
002446 0001 15-deg-left 00320
002447 0001 15-deg-left 00321
002448 0001 15-deg-left 00322
002449 0001 15-deg-left 00323
002450 0001 15-deg-left 00324
002451 0001 15-deg-left 00325
002452 0001 15-deg-left 00326
002453 0001 15-deg-left 00327
002454 0001 15-deg-left 00328
002455 0001 15-deg-left 00329
002456 0001 15-deg-left 00330
002457 0001 15-deg-left 00331
002458 0001 15-deg-left 00332
002459 0001 15-deg-left 00333
002460 0001 15-deg-left 00334
002461 0001 15-deg-left 00335
002462 0001 15-deg-left 00336
002463 0001 15-deg-left 00337
002464 0001 15-deg-left 00338
002465 0001 15-deg-left 00339
002466 0001 15-deg-left 00340
002467 0001 15-deg-left 00341
002468 0001 15-deg-left 00342
002469 0001 15-deg-left 00343
002470 0001 15-deg-left 00344
002471 0001 15-deg-left 00345
002472 0001 15-deg-left 00346
002473 0001 15-deg-left 00347
002474 0001 15-deg-left 00348
002475 0001 15-deg-left 00349
002476 0001 15-deg-left 00350
002477 0001 15-deg-left 00351
002478 0001 15-deg-left 00352
002479 0001 15-deg-left 00353
002480 0001 15-deg-left 00354
002481 0001 15-deg-left 00355
002482 0001 15-deg-left 00356
002483 0001 15-deg-left 00357
002484 0001 15-deg-left 00358
002485 0001 15-deg-left 00359
002486 0001 15-deg-left 00360
002487 0001 15-deg-left 00361
002488 0001 15-deg-left 00362
002489 0001 15-deg-left 00363
002490 0001 15-deg-left 00364
002491 0001 15-deg-left 00365
002492 0001 15-deg-left 00366
002493 0001 15-deg-left 00367
002494 0001 15-deg-left 00368
002495 0001 15-deg-left 00369
002496 0001 15-deg-left 00370
002497 0001 15-deg-left 00371
002498 0001 15-deg-left 00372
002499 0001 15-deg-left 00373
002500 0001 15-deg-left 00374
002501 0001 15-deg-left 00375
002502 0001 15-deg-left 00376
002503 0001 15-deg-left 00377
002504 0001 15-deg-left 00378
002505 0001 15-deg-left 00379
002506 0001 15-deg-left 00380
002507 0001 15-deg-left 00381
002508 0001 15-deg-left 00382
002509 0001 15-deg-left 00383
002510 0001 15-deg-left 00384
002511 0001 15-deg-left 00385
002512 0001 15-deg-left 00386
002513 0001 15-deg-left 00387
002514 0001 15-deg-left 00388
002515 0001 15-deg-left 00389
002516 0001 15-deg-left 00390
002517 0001 15-deg-left 00391
002518 0001 15-deg-left 00392
002519 0001 15-deg-left 00393
002520 0001 15-deg-left 00394
002521 0001 15-deg-left 00395
002522 0001 15-deg-left 00396
002523 0001 15-deg-left 00397
002524 0001 15-deg-left 00398
002525 0001 15-deg-left 00399
002526 0001 15-deg-left 00400
002527 0001 15-deg-left 00401
002528 0001 15-deg-left 00402
002529 0001 15-deg-left 00403
002530 0001 15-deg-left 00404
002531 0001 15-deg-left 00405
002532 0001 15-deg-left 00406
002533 0001 15-deg-left 00407
002534 0001 15-deg-left 00408
002535 0001 15-deg-left 00409
002536 0001 15-deg-left 00410
002537 0001 15-deg-left 00411
002538 0001 15-deg-left 00412
002539 0001 15-deg-left 00413
002540 0001 15-deg-left 00414
002541 0001 15-deg-left 00415
002542 0001 15-deg-left 00416
002543 0001 15-deg-left 00417
002544 0001 15-deg-left 00418
002545 0001 15-deg-left 00419
002546 0001 15-deg-left 00420
002547 0001 15-deg-left 00421
002548 0001 15-deg-left 00422
002549 0001 15-deg-left 00423
002550 0001 15-deg-left 00424
002551 0001 15-deg-left 00425
002552 0001 15-deg-left 00426
002553 0001 15-deg-left 00427
002554 0001 15-deg-left 00428
002555 0001 15-deg-left 00429
002556 0001 15-deg-left 00430
002557 0001 15-deg-left 00431
002558 0001 15-deg-left 00432
002559 0001 15-deg-left 00433
002560 0001 15-deg-left 00434
002561 0001 15-deg-left 00435
002562 0001 15-deg-left 00436
002563 0001 15-deg-left 00437
002564 0001 15-deg-left 00438
002565 0001 15-deg-left 00439
002566 0001 15-deg-left 00440
002567 0001 15-deg-left 00441
002568 0001 15-deg-left 00442
002569 0001 15-deg-left 00443
002570 0001 15-deg-left 00444
002571 0001 15-deg-left 00445
002572 0001 15-deg-left 00446
002573 0002 15-deg-left 00000
002574 0002 15-deg-left 00001
002575 0002 15-deg-left 00002
002576 0002 15-deg-left 00003
002577 0002 15-deg-left 00004
002578 0002 15-deg-left 00005
002579 0002 15-deg-left 00006
002580 0002 15-deg-left 00007
002581 0002 15-deg-left 00008
002582 0002 15-deg-left 00009
002583 0002 15-deg-left 00010
002584 0002 15-deg-left 00011
002585 0002 15-deg-left 00012
002586 0002 15-deg-left 00013
002587 0002 15-deg-left 00014
002588 0002 15-deg-left 00015
002589 0002 15-deg-left 00016
002590 0002 15-deg-left 00017
002591 0002 15-deg-left 00018
002592 0002 15-deg-left 00019
002593 0002 15-deg-left 00020
002594 0002 15-deg-left 00021
002595 0002 15-deg-left 00022
002596 0002 15-deg-left 00023
002597 0002 15-deg-left 00024
002598 0002 15-deg-left 00025
002599 0002 15-deg-left 00026
002600 0002 15-deg-left 00027
002601 0002 15-deg-left 00028
002602 0002 15-deg-left 00029
002603 0002 15-deg-left 00030
002604 0002 15-deg-left 00031
002605 0002 15-deg-left 00032
002606 0002 15-deg-left 00033
002607 0002 15-deg-left 00034
002608 0002 15-deg-left 00035
002609 0002 15-deg-left 00036
002610 0002 15-deg-left 00037
002611 0002 15-deg-left 00038
002612 0002 15-deg-left 00039
002613 0002 15-deg-left 00040
002614 0002 15-deg-left 00041
002615 0002 15-deg-left 00042
002616 0002 15-deg-left 00043
002617 0002 15-deg-left 00044
002618 0002 15-deg-left 00045
002619 0002 15-deg-left 00046
002620 0002 15-deg-left 00047
002621 0002 15-deg-left 00048
002622 0002 15-deg-left 00049
002623 0002 15-deg-left 00050
002624 0002 15-deg-left 00051
002625 0002 15-deg-left 00052
002626 0002 15-deg-left 00053
002627 0002 15-deg-left 00054
002628 0002 15-deg-left 00055
002629 0002 15-deg-left 00056
002630 0002 15-deg-left 00057
002631 0002 15-deg-left 00058
002632 0002 15-deg-left 00059
002633 0002 15-deg-left 00060
002634 0002 15-deg-left 00061
002635 0002 15-deg-left 00062
002636 0002 15-deg-left 00063
002637 0002 15-deg-left 00064
002638 0002 15-deg-left 00065
002639 0002 15-deg-left 00066
002640 0002 15-deg-left 00067
002641 0002 15-deg-left 00068
002642 0002 15-deg-left 00069
002643 0002 15-deg-left 00070
002644 0002 15-deg-left 00071
002645 0002 15-deg-left 00072
002646 0002 15-deg-left 00073
002647 0002 15-deg-left 00074
002648 0002 15-deg-left 00075
002649 0002 15-deg-left 00076
002650 0002 15-deg-left 00077
002651 0002 15-deg-left 00078
002652 0002 15-deg-left 00079
002653 0002 15-deg-left 00080
002654 0002 15-deg-left 