00043919
00054293
00031946
00061913
00003686
00021837
00015321
00025715
00026515
00032533
00036388
00055370
00040269
00006341
00059582
00005741
00012065
00019832
00025716
00051194
00035532
00061093
00038042
00027037
00019051
00002530
00029088
00010990
00053287
00028847
00059718
00031620
00026193
00056532
00024806
00054111
00030343
00044835
00023126
00034453
00047368
00028478
00045359
00011244
00006718
00048365
00050376
00035781
00040686
00001650
00004898
00000190
00008571
00016671
00000507
00004794
00008463
00015648
00041921
00022229
00025980
00000588
00047017
00008046
00008056
00033621
00037059
00022159
00007726
00061000
00035434
00012555
00021405
00050125
00022741
00046235
00034430
00039691
00056903
00039348
00061336
00058872
00029677
00044900
00027452
00021876
00048622
00027237
00001279
00040541
00012905
00009341
00012916
00016083
00031877
00044806
00036800
00062005
00056042
00024313
00013095
00023150
00022873
00053552
00022138
00005723
00019196
00018476
00037468
00013451
00017668
00025345
00035686
00062463
00019113
00017811
00013752
00023179
00030649
00036754
00039370
00042286
00031485
00036868
00059784
00004500
00053750
00000243
00057371
00030025
00020586
00009861
00039984
00021872
00021337
00053431
00031160
00023627
00051765
00062252
00026867
00028097
00019741
00049869
00032826
00050456
00001506
00039479
00037543
00019760
00001514
00002867
00022564
00038910
00055205
00060576
00016337
00003590
00053749
00055441
00026017
00034308
00060499
00057592
00059396
00027617
00056298
00002698
00031133
00058302
00060772
00038335
00003294
00059934
00003833
00003745
00051650
00016116
00026066
00027808
00029747
00060502
00038516
00023915
00042068
00032100
00021977
00026038
00033844
00050174
00007874
00019735
00049648
000